314159265
358979323
846264338
327950288
419716939
937510582
97494459
230781640
628620899
862803482
534211706
798214808
651328230
664709384
460955058
223172535
940812848
111745028
410270193
852110555
895493038
196442881
97566593
344612847
564823378
678316527
120190914
564856692
346034861
45432664
821339360
726024914
127372458
700660631
558817488
152092096
282925409
171536436
789259036
1133053
54882046
652138414
695194151
160943305
727036575
218611738
193261179
310511854
807446237
735188575
272489122
793818301
194912983
367336244
65664308
602139494
639522473
719070217
277053921
717629317
675238467
481846766
940513200
56812714
526356082
778577134
275778960
917363717
872146844
90122495
343014654
79227968
925892354
201995611
212902196
86403441
815981362
721134999
804995105
609631859
502445945
534690830
264252230
825334468
503526193
118817101
313783
875288658
753320838
142061717
766914730
359825349
42875546
873115956
286388235
378759375
195778185
778053217
122680661
300192787
661119590
921642019
893809525
720106548
586327886
593615338
182796823
30195203
530185296
899577362
259941389
124972177
528347913
151557485
724245415
69595082
172785588
907509838
175463746
493931925
506040092
770167113
900984882
401285836
160356370
766010471
18194295
559619894
676783744
710404753
464620804
668425906
367702898
915210475
216205696
602405803
815019351
125338243
3558764
24749647
326391419
927260426
235478163
600934172
164121992
458631503
28618297
455570674
458858692
699569092
721079750
930295532
116534498
720275596
23648066
549911988
183479775
356636980
742654252
786255181
841757467
289097777
279380008
164706001
614524919
217321721
477235014
144197356
854816136
115735255
213347574
184946843
852332390
739414333
454776241
686251898
356948556
209921922
218427255
25425688
767179049
460165346
680498862
723279178
608578438
382796797
668145410
95388378
636095068
6422512
520511739
298489608
412848862
694560424
196528502
221066118
630674427
862203919
494504712
371378696
95636437
191728746
776465757
396241389
86583264
599581339
47802759
9946576
407895126
259570982
582262052
248940772
671947826
848260147
699090264
13639443
745530506
820349625
245174939
925093722
169646151
570985838
741059788
595977297
549893016
175392846
813826868
386894277
415599185
592524595
395943104
84598727
364469584
865383673
622262609
912460805
124388439
45124413
654976278
79771569
143599770
12961608
855584840
635342207
222582848
864815845
602850601
684273945
226746767
889525213
852254995
466672782
398645659
611635488
623057745
649803559
363456817
432411251
507606947
609402522
887971089
314566913
686722874
894056010
150330861
792868092
87476091
782493858
900971490
136554978
189312978
482168299
894872265
880485756
401427047
755513237
374623436
454285844
479526586
782105114
135473573
716610213
596953623
144295248
493718711
14576540
359027993
440374200
731057853
906219838
744780847
848968332
144571386
875194350
643021845
319104848
100537061
468067491
927819119
793995206
141966342
875444064
374512371
819217999
839101591
514269123
718649423
196156794
520809514
655022523
160388193
14209376
213785595
663893778
708303906
672218256
259966150
142150306
803844773
454920260
541466592
520149744
285073251
866600213
243408819
71048633
173464965
145390579
626856100
550810665
879699816
357473638
405257145
910289706
414011097
120628043
903975951
567715770
42033786
55876317
635942187
312514712
53292819
182618612
586732157
919841484
882916447
60957527
69572209
175671167
229109816
909152801
735067127
485832228
718352093
539657251
210835791
513698820
914442100
675103346
711031412
671113699
86585163
16515116
851714376
576183515
565088490
238734552
833163550
764791853
589322618
548963213
293308985
706420467
525907091
548141654
718027098
199430992
448895757
128289059
232332609
729971208
443357326
548938239
119325974
636673058
360414281
388303203
824903758
170291327
656180937
734440307
74692112
19130203
303801976
211011004
492932151
608424448
596376698
389522868
478312355
265821314
495768572
624334418
930396864
262434107
732269780
280731891
544110104
468232527
162010526
522721116
603966655
730925471
105578537
634668206
531098965
269186205
647693125
705863566
201855810
72936065
791045334
885034611
365768675
324944166
803962657
608455296
541266540
853061434
443185867
697514566
140680070
23787765
913440171
274947042
56223053
899456131
407112700
40785473
326993908
145466464
588079727
82668306
343285878
569830523
580893306
575740679
545716377
525420211
495576158
140025012
622859413
21647155
97925923
99079654
737612551
765675135
751782966
645477917
450112996
148903046
399471329
621073404
375189573
596145890
193897131
117904297
828564750
320319869
151402870
808599048
10941214
722131794
764777262
241425485
454033215
718530614
228813758
504306332
175182979
866223717
215916077
166925474
873898665
494945011
465406284
336639379
3976926
567214638
530673609
657120918
76383271
664162748
888007869
256029022
847210403
172118608
204190004
229661711
375751149
595015660
496318629
472654736
425230817
703675159
67350235
72835405
670403867
435136222
247715891
504953098
444893330
769325993
414473774
418426312
886874132
604721569
516239658
645730216
315981931
129741677
294786724
229246543
668009806
769282382
806899640
48243540
370141631
496589794
92432378
794223625
82216889
573837986
230015937
764716512
289357860
158816175
578297352
334460428
151262720
373431465
319777741
603199066
554187639
792933441
189948544
473456738
316249934
191318148
92777710
386387734
317720754
565453220
777092120
190516609
628049092
636019759
882816133
231666365
286193266
863360627
356763035
447762803
504507772
355471058
595487027
908143562
401451718
62464362
679456127
531813407
833033625
423278394
497538243
720583531
147711992
606381334
677687969
597030983
391307710
133746414
428227726
346594704
745878477
872019277
152807317
679077071
572134447
306057007
334924369
311383504
931631284
42512192
565179806
941135280
131470130
478164378
851852909
285452011
658393419
656213491
434159562
586586557
55269049
652098580
338507224
264829397
285847831
630577775
606888764
462482468
579260395
352773480
304802900
587607582
510474709
164396136
267604492
562742042
83208566
119062545
433721315
359584506
877246029
16187667
425225771
919306455
377991403
734043287
526288896
399587947
572917464
263574552
540790914
513571113
694109119
393251910
760208252
26187985
318877058
429725916
778131496
116971737
278476847
268608490
33770242
429165130
50051683
233643503
895170298
939223345
172201381
280696501
178440874
519601212
285993716
231301711
444846409
38906449
544400619
869075485
160263275
52983491
874078668
88183385
102283345
85048608
250393021
332197155
184306354
550076682
829493041
377655279
397517546
139539846
833936383
47461199
665385815
384205685
338621867
252334028
308711232
827892125
77126294
632295639
898989358
211674562
701021835
646220134
909730381
198004973
407239610
368540664
319395097
901906996
395524530
54505806
855019567
302292191
393391856
803449039
820595510
22635353
619204199
474553859
381023439
554495977
837790237
421617271
117236434
354394782
218185286
240851400
666044332
588856986
705431547
69657474
585503323
233421073
15459405
165537906
866273337
257843229
882737231
159578111
594087306
812160287
649628674
460477464
915995054
690104903
778198683
593814657
412680492
564879855
614537234
786733039
46883834
363465537
705638729
317487233
208376011
230299113
679386270
894387993
620162951
541337142
489283072
201269014
754668476
535761647
737946752
4907571
555278196
536213239
264061601
363581559
74220202
31872776
52772190
55614842
555187925
303435139
844253223
415762336
106425063
904975008
656271095
359194658
348227693
62474353
632569160
781547818
115284366
795706110
861533150
445212747
392454494
542368288
606134084
148637767
9612071
512491404
302725386
76482363
414334623
518975766
452164137
679690314
759844239
198629164
219399490
723623464
684411739
403265918
404437805
133389452
574239950
829659122
850855582
157250310
712570126
683024029
295252201
187267675
622041542
51618416
348475651
699981161
410100299
607838690
929160302
884002691
41407928
862150784
245167090
870006992
821206604
183718065
355672525
325675328
612910424
877618258
297651579
598470356
222629348
600341587
229805349
896502262
917487882
27342092
222453398
562647669
149055628
425039127
577102840
279980663
658254889
264880254
566101729
670266407
655904290
652653053
718294127
33693137
851786090
407086671
149655834
343476933
857817113
864558736
781230145
876871266
34891390
936103102
916161528
813843790
733639480
457593149
314052976
347574811
935670911
13775172
100803155
902485309
66920376
719220332
290943346
768514221
447737939
375170344
366199104
33751117
354719185
504644902
636551281
622882446
257591633
303910722
538374218
214088350
865739177
150968288
747826569
66175834
413752239
709683408
5355984
917541738
188399944
697486762
655165827
658483588
453142775
687900290
297163445
621296404
352311760
66510124
120065975
585127617
858382920
419748442
360800719
304576189
323492292
796501987
518721272
675079812
554709589
45563579
212210333
466974992
356302549
478024901
141952123
828153091
140790738
602515227
429958180
724716259
166854513
331239480
494707911
915326734
302824418
604142636
395480004
480026704
928964766
713142517
29692348
896276684
403232609
275249603
579964692
565049368
183609003
238092934
595889706
60340216
654437558
900456328
822505452
556405644
824651518
754711962
184439658
253375438
856909411
303150952
617937800
297412076
651479394
259029896
657612186
561967337
862362561
252163208
628692221
32748892
186543648
22967807
57656151
446320469
279068212
73883778
142335628
236089632
80682224
680122482
611771858
839036736
722208883
215137556
3727983
940041529
700287830
766709444
745601345
564172543
709069793
298946715
435784687
886144458
123145935
719849225
284716050
492212424
701412147
805734551
50080190
869960330
276347870
810817545
11930714
122339086
639383395
294257869
50764310
63835198
343893415
475464955
697810382
930971646
514384070
70736041
123735998
434522516
105070270
562352660
127648483
84076118
301305279
320542746
286540360
367453286
510570658
748822569
815793678
57505968
344086973
502014102
67235850
200724522
563265134
105592401
902742162
484391403
599895353
704691209
140938700
126456001
623742880
210927645
793106579
229552498
872758461
12648369
596881592
56001016
552563756
785667227
827948488
558343975
187445455
129656344
348039664
205579829
368043522
27709842
942325330
225763418
70394769
941597915
521482933
665556615
678736400
536665641
654732170
439035213
295435291
694145990
416087532
18683793
702348886
894791510
716378529
23452924
407736594
742108714
261349745
471017879
573104229
690666702
144986374
645952808
243694457
897723300
487647652
413390759
204340196
340391147
320233807
150952220
106825634
274716460
243354400
515212669
324934196
739770415
551667302
739007497
297363549
645332888
698440611
734495182
736955882
207573551
766515898
551909866
653935494
810688732
68599075
407923424
23009259
7017319
603622547
564789406
475483466
477604114
632339056
513433068
449539790
709030234
604614709
616968868
850140834
704054607
429586991
382966824
681857103
188790652
870366508
324319744
47718556
789348230
894310682
870272280
399627060
747264553
280811373
694338872
940630792
615959954
626246297
70625948
455690347
119729964
90894180
595343932
512362355
81349490
43642785
271383159
125689892
875739469
142725343
669415323
610045373
48819855
170659412
173524625
895487301
676002988
659257866
285612496
655235338
294287854
253404830
833070165
372285635
591525347
844598183
134112900
199920598
135220511
733658564
78264849
427644113
763938669
248031183
644536985
891754426
473998822
846218449
8777697
763127957
226726555
625962825
427653183
1340709
223343657
791601280
931794017
185985999
338492354
349802524
330173503
580440811
685526531
170995708
92584878
504108922
669178352
587078595
129834417
295351953
788553457
374260859
29081765
155780390
594640873
506123226
112009373
108048548
526357228
257682034
160504846
627750450
31262008
7998049
254853469
414697751
649327095
49346393
824322271
885159740
547021482
897111777
923761225
788734771
881968254
629812686
858170507
402725502
633290449
762778944
236216741
191862694
396506715
157795867
564823993
917604260
176338704
549901761
436412046
921823707
648878341
815581587
360629386
38101712
158552726
683008238
340465647
588040513
808016336
388742163
714064354
641122821
407533026
551004241
48967835
285882902
436709048
871181909
94945331
442182876
618103100
735477054
720094746
286148494
178501718
77930681
85469000
794243981
392135055
864221964
834915126
390128038
320010977
386806628
779239718
14613432
445726400
73592100
315415089
367930081
699805365
202760072
774967458
400283624
53460372
634165542
590276018
348403068
113818551
59797056
640075094
260878857
357960373
245141467
867036880
642584975
94494015
154222219
432913021
739125383
559150310
33303251
117491569
691745027
149433151
558854039
221640972
291011290
355218157
628232831
823425483
261119128
9282525
619020526
301639114
772473314
857391077
758744253
876117465
786711694
147764214
411112635
835538713
610110232
679877564
102468240
322648346
417663698
66378576
813492045
302240819
727856471
815432211
669122464
159117767
322532643
356861461
865452226
812688726
844596844
241610785
401676814
208088502
800541436
131462308
210259417
375623899
420757136
275167457
318918945
628352570
441335437
585753426
470316566
139919996
826282472
706413362
221789239
31760854
289437339
356188916
512504244
40089527
198378738
648058472
689546243
882343751
788520143
481194988
423906061
369573423
155907967
34614914
344788636
41031823
507365027
785908975
782727313
50488939
890099239
135033732
508559826
558670892
426124294
736701939
77271307
68691709
264625484
232407485
503660801
360466895
118400936
686095463
250021458
529309500
9071510
582362672
932645373
821049387
249966993
394246855
164832611
341461106
802674466
373343753
407642940
266829738
652209357
16263846
485285149
36293201
851718395
366913452
224447080
459239660
281715655
156566611
135982311
225062890
585491450
2439315
351909021
71194573
2438801
766150352
708626025
378817975
194780610
137150044
899172100
222013350
131060163
915415895
780371177
927752259
787428919
179155224
171895853
616805947
412341933
456492564
434623925
319531351
33114763
728584306
583619353
693296992
898379149
419394060
857248639
688369032
655643642
166442576
79147108
699843157
337496488
352927693
282207629
472823815
374099615
455987982
598910937
171262182
830258481
123890119
682214294
576675807
186538065
64870261
338928229
303328389
638184394
477077940
228435988
341003583
854238973
542439564
755568409
522484455
413923941
162076
936368467
764130178
196593799
715574685
419463348
937484391
297423914
336593604
100352343
777065888
677811394
471407932
638587386
247328896
456435987
746676384
794665040
741118256
583788784
548581489
629612739
260860618
724554523
606431537
101127468
97787044
640947582
803487697
589483282
412392929
605829486
191966709
189580898
332012103
184303401
284951162
35342801
441276172
858302435
598300320
420245120
728725355
811958401
491809692
533950757
784000674
655260314
461670508
276827722
235341911
26341631
571474061
238504258
459884199
76112872
580591139
356896014
316682831
763235673
254170734
208173322
304629879
928049085
140947903
688786878
557030726
190095020
764334933
591060245
450864536
289354568
629585313
153371838
682656178
622736371
697577418
302398600
659148161
640494496
501173213
138957470
620884748
23653710
311508984
279927544
268532779
743113951
435741722
197597993
596852522
857452637
915723579
866205734
83757668
738842664
59909935
50008133
754324546
359675048
442352848
747014435
454195762
584735642
161981340
734685411
176688311
865448937
769795665
172796623
267148103
386439137
518659467
300244345
5449953
287124948
347060440
634716063
258306498
297955101
95418362
350303094
530973358
344628394
763047756
450150085
75789495
489313939
448992161
255255977
14368589
435858775
263796255
438001254
365023714
127834679
261019955
852247172
201777237
4178084
194239487
254068015
560359983
905489857
235467456
423905858
502167190
313952629
445543913
166313453
89390620
467843877
850542393
905247313
620129476
918749751
910114723
152893267
725339181
466073000
890277689
631148109
22097245
207591672
807171863
810549679
731001678
708506942
70922329
80703832
634534520
380278609
905569001
341371823
683709919
495164896
7550493
412678764
367463849
20639640
197666855
923356546
391383631
857456981
471962108
410809618
846054560
390384553
437291414
465134749
407848844
237721751
543342603
66988317
683310011
331086904
219390310
801437843
341513709
243530136
776310849
135161564
226984750
743032971
674696406
665315270
353254671
126675224
605511995
818319637
637076179
919192035
795820075
462677579
439363074
630569010
801149427
141009391
369138107
258137813
578940055
425118417
213605572
752210352
680373572
652792241
737360575
112788721
819084490
61780138
897107708
229310027
387589093
602632243
937265624
727760378
908144588
378550197
28437793
624078250
527048758
164703245
812908783
378960298
416692254
896497156
69811921
865849267
704039564
812781021
799132174
163058105
545988013
4845629
415363745
150056350
701278159
267142413
421033015
661653560
247338078
430286552
572227530
499988370
153487930
80626018
96238151
613669033
411113865
385109193
673938352
293458883
225508870
645075394
739520439
680790670
868064450
16828743
437861264
538158342
807530618
454859037
197425363
443996029
25100158
882721647
450068207
41937615
845471231
834600726
293395505
482395571
372568402
322682130
124767945
226448209
102356477
527230820
810635188
891084555
711266039
650343978
161101532
351605196
559042118
449499077
899920073
294769058
685778787
209829013
529566139
788848605
97860859
570177312
516814671
769597609
942100361
835591387
778176984
587581044
662839988
60061622
533738657
877359833
616133841
338536842
119789389
1852956
919678045
544828584
837011709
672125353
387586215
823101331
38776682
721157269
495181795
897546939
926421979
155233857
662316762
754757035
469941489
290413018
638611943
919628388
705436777
432242768
91323654
494853667
680000010
652624854
730558615
707698385
483188750
142938908
307651168
33373222
651756622
75269517
914422528
81651716
677667279
303548515
420402381
746089232
839170327
542575086
765511785
939500279
338959205
766827896
776445318
404041855
401043513
483895312
13263783
692835808
271937831
265496174
599705674
507183320
650345566
440344904
536275600
112501843
356073612
227659492
783937064
784264567
633881880
756561216
896050416
113903906
396016202
215368494
109260538
768871483
798955999
911209916
464644119
185682770
45742434
340216722
764455893
301277815
868695250
694993646
101756850
601671453
543158148
10545886
56455013
320375864
548584032
402987170
934809105
562116715
468484778
39447569
798042631
809917564
228098739
376957370
158080682
290459921
236616890
259627304
306793165
311494017
647376938
735140933
618332161
428021497
633991898
354848756
252987524
238730775
595559554
651963944
18218409
262367377
146722606
163364329
640633572
810707887
581640438
148501884
114318859
882769449
11932129
682715888
413386943
468285900
666408063
140777577
257056307
294004929
403024204
797367054
855804458
657202276
378404668
233798528
271057843
197535417
736257740
802134768
260450228
515797957
228409995
616015691
89038458
245026792
659420555
39587922
7068376
504183656
209455543
461351341
525700659
748819163
413595567
196496540
321872716
26485930
490397874
895890661
272507948
282769389
535217536
218507962
884327192
232238101
587444505
286652380
225328438
913752738
458923844
225354726
530981715
784478342
158223270
206902872
323300538
621634798
850946954
720047952
311201504
329322662
827276321
779088400
878614802
214753765
781058197
22263097
174950721
272484794
781695729
614236585
307332335
603484653
187302930
266596450
137183754
288975579
714499246
540386817
692447419
850973346
267933210
726868707
680626399
193619650
440995421
676278409
146698569
257150743
157407938
53239252
394775574
415918458
215625181
921552337
96074833
292349210
345146264
374498055
941453477
845746999
921285999
816152193
148887693
880222810
830019860
165494165
426169685
867883726
95877456
761825072
759929508
931805218
729246108
676399589
161458550
583972742
98090978
172932393
10676638
682404011
130402470
73508578
287246271
349463685
318154696
904669686
939254725
194139929
146524238
577625500
474852954
768147954
670070503
479995888
676950161
249722820
403039954
632788306
615101024
365553522
306906129
493885990
157346610
237122354
789112925
476961760
50479749
280607212
680392269
110277722
610254414
922157650
450812067
717357120
271802429
681062037
765788371
669091094
180744878
140490755
178203856
539099104
775941413
215432844
62503018
27571696
508209642
734841469
572639788
425600845
312140659
358090412
711359200
419759851
362547961
606322887
361813673
732445060
792441176
399759746
193835845
749159880
930065463
424234606
342374746
660804317
12600520
559284936
814685298
150539471
789004518
357551541
252235905
906872648
786357525
419112888
773717663
748602766
63496035
367947026
923229718
683277173
932361920
77745221
262475186
101986426
193966497
690708252
174233656
627259284
406204302
141137199
227852699
846988477
23238238
400556555
178890876
613601304
770984386
116870523
105531491
625172837
327286760
72481729
876375698
163354150
746088386
636406934
704372066
886512756
882661497
307886570
156850169
186474885
416791545
877306998
537139043
2665307
839877638
503238182
155355973
235306860
430106757
608389086
270498418
885951380
910304235
439885901
131858358
406674723
702971497
850841458
530857813
391562707
603563907
639473114
554958322
669457024
941398316
343323789
759556808
568362972
538679132
750555425
244919435
891284050
452269538
121791319
145135009
938463117
740179715
122837854
601160359
554028644
59024964
669307077
690554810
288502080
858008781
157738171
917417760
173307385
547580060
560143377
432990127
286772530
431825197
579167929
699650414
607066457
125888346
316229655
201687973
356463
45793088
403274807
718115553
309098870
255052076
804630346
86581653
600440848
206596737
641564565
53004988
161649057
883115434
548505266
6982309
315777650
37807046
612647060
214575057
932709620
478256152
471459189
652236083
51955105
223572397
395128818
164059785
914279148
165426328
920042816
91369377
737222999
833270820
829699557
377273756
676155271
139225880
552018988
762011416
800546873
655806334
716037342
917039079
863965229
613128017
826797172
898229360
702880690
877686605
932527463
784053976
918480820
410219447
197138692
560841624
511239806
201131845
412447820
501107987
607171556
831540788
654390412
108730324
20106853
419472304
766667217
498698685
470767812
51247367
924791931
508564447
753798537
561227858
432968466
475133365
736923872
14647236
794278700
425032555
899268843
495928761
240075587
569464137
56251400
117971331
662071537
154360068
764773186
755871487
839890810
742953094
106059694
431584775
397009439
883949144
323536685
392099468
796450665
339857388
878661476
294434140
104988899
316005120
767810358
861166020
296119363
75011164
531614516
845769568
710900299
326650234
771672865
737857908
574664607
722834154
31144152
941880478
254387617
707904300
15669867
767957609
99669360
755949651
527363498
118964130
433116627
747123388
174060373
174397054
67031096
767657486
700319258
662594105
105335843
846560233
917967492
678447637
84749783
336555790
73841914
731988627
135259546
251816043
422537299
628632674
602964211
463864368
642247248
872834341
704415734
824818333
16405669
596688667
695634914
163284264
149745333
499994800
26699875
888159350
735781519
588990053
103572613
736403436
753471410
483601754
648830040
784641674
521673719
48310967
671134434
811107399
482506073
316901973
185211955
263563258
433909982
249862406
703107683
184466072
912487475
403161796
877658998
685541703
188477886
759290260
700432126
661791922
352093822
787888098
863359911
608192353
555704646
349113208
591897961
327913197
564909760
1399623
444553501
434642686
46449586
247690943
470482932
941404111
465409239
883444351
591332010
773944111
840741076
849810663
472410482
393582740
194493566
516108846
312567852
843030614
624180358
529331597
345830384
554103370
109167677
637427621
21370135
485445092
630719011
473184857
492331816
720721372
793556795
284439254
815609137
281284063
330393735
624200160
456645574
145881660
521666087
387480472
433912129
558777639
69690370
788285277
538940524
607584962
315743691
711317613
478388271
941686066
257210368
513215664
780014767
523103935
786068961
112599602
818393095
487090590
738613519
145918195
102973278
755710497
290114871
718971800
469616977
700179139
196137914
171627070
189584692
143436967
629274591
99400600
849835684
252019155
937037010
110497473
394938778
859894174
330317853
487076032
219829705
797511914
405109942
358830345
463534923
498268836
240433272
674155403
16195056
806541809
394099820
206099941
402168909
7082133
72308966
211977553
66591881
411915778
362729274
615618571
37217247
100952142
369648308
641025928
874579993
223749551
912219519
34244523
75351338
68568073
544649951
272031744
871954039
761073080
602699062
580760202
927314552
520780799
141842906
388443734
733720726
639176702
11830046
481900024
130835088
465841521
489912761
65137415
394356572
113903285
749187690
905170314
877734616
528798482
353382972
601361109
845148418
238081205
409961252
745808810
161285248
160763716
750548961
730168096
138038119
143611439
921063800
508321409
876045993
93248510
251682944
672606661
381517457
125597549
535802399
831469822
36133808
284993567
55755247
129027453
931820146
580080215
665360677
655087838
43041343
105918046
68008345
911366408
348874080
57412725
867047922
583191274
157390809
143831384
564241509
408491339
180968402
511639919
368532255
573389669
537490266
209232613
188558915
808324555
719484538
756287861
288590041
60060737
465014026
278240273
469625282
171749415
823317492
396835301
361786536
737606421
667781377
399510065
895288774
276626368
418306801
908046098
498094697
636673356
622829151
323527888
61577682
781595886
691802389
403330764
419124034
120223163
685778603
572769415
417788264
352381319
50280870
185750470
463129333
537572853
866058889
45831114
507739429
352019943
219711716
422350056
440429798
920815943
71670198
574692738
486538334
361457946
341759225
738985880
16980147
574205429
581054565
108310462
841611625
325625165
724980784
920998979
906200359
365099347
215829651
741357984
910471116
607915874
369865412
223483418
877229294
463351786
538567319
625598520
260729476
740726167
671455736
498121056
777168934
849176607
717052771
876011999
81441130
586455779
105256843
48114402
619384023
224709392
498029335
507318458
903553971
330884461
741079591
625117148
648744686
112476054
286734367
90466784
686702740
918810142
497111496
578177242
793470702
166882956
108777944
50484375
284433751
88282647
719785400
65097040
330218625
561473321
177711744
133502816
88403517
814525419
643203095
760186946
490886815
452856213
469883554
445602495
566684366
29221951
248309106
53772019
802183101
32704178
386654471
812603971
906884623
708575180
800353270
471856594
481109992
886791589
690495639
476246084
240659309
486215076
903149870
206735338
483495508
363660178
487710608
98042692
471324100
94640143
736032656
451845667
924566695
510015022
824970617
236744936
122622296
179081431
141466094
123415935
930958540
791390872
83227335
495720807
571651718
765994498
569379562
387555161
757543809
178052802
721539628
74636021
132942559
160025707
356281263
873310600
589106524
570802447
493754318
414940148
211999627
645310680
66311838
237616396
631809314
446712986
155275982
14514102
756006892
401735148
919457636
78935285
550531733
141645705
49964438
909363084
387448478
396168405
184527328
840323452
24705685
164657164
771393237
755172947
545865174
587877133
181387529
598094121
742273003
522965080
891777050
682592488
223221549
380483714
547816472
139768209
633205083
56479204
820859204
754998573
203888763
916019952
409189389
455767687
497308569
559580106
595265030
362661597
506622250
840674288
106375635
699682115
109496697
445805472
886936310
203678232
501823237
84597901
115484720
876182124
778132663
304120762
165873129
708112307
581598212
486398072
124078688
781145016
558251361
789030708
608701989
758898074
566439551
574153631
931919810
705753366
337380382
721527988
493503974
800158905
194208797
113080512
339332219
34662499
171691509
485414018
710603546
37946433
790058909
577211808
44657439
628061867
178610171
567409676
620802957
665770512
912099079
443046328
929473061
595104309
22214393
718495606
340561893
425130572
682914657
832933405
246350289
291754708
725648426
3496296
116541382
300773133
272983050
16025672
401418515
204189070
115428857
844931569
118197335
1261877
280368124
819958770
702075324
63612593
134385955
425477819
611429351
635612234
147353996
740515849
533292457
523888101
362023476
246690558
164389678
630976273
655047243
486430712
184943734
853006063
876445662
721866617
12381277
156213797
461498613
287441177
145524447
89971445
228856629
424402301
847912054
784985745
216346964
489738920
624019435
183100882
834802492
490854030
778638751
659113028
739587870
182718745
290139728
366148421
428717055
317965430
765045343
246005363
614726181
809699769
334862640
774351999
286863238
350887566
835950972
655748154
319401955
768504372
480010204
137498318
722596773
871549583
72791419
658459300
839426370
208756353
553248032
122674989
114026785
285996734
52420310
917978999
57188219
493913207
534317079
800237365
909853755
202389116
434671855
829068537
118979526
262344924
833924963
424497146
568465912
489185566
295893299
90352392
333336474
352037077
10108438
800329075
855422838
616172104
176030116
459187805
393674474
720599850
235828918
336929223
373239994
804371084
196594731
626548257
480994825
99918330
69765693
671596893
644933488
647442135
8407006
608835972
350395323
401795825
570360169
369909886
711321097
172807558
551912699
306730992
507040702
455685077
867906947
661262980
822516331
363995211
709845280
926303759
224267425
755998928
927837047
444521893
632034894
155210445
3006776
179313813
627016510
244588692
476492468
919246121
253102757
313908404
700071435
613623169
923716948
481325542
9145304
103713545
329662063
921054798
243921251
725401323
149027405
858920632
175894943
454890684
639931375
709103463
327141531
622328055
229729795
380188016
285907357
295541627
886764982
741861642
187898857
410716490
691918511
628152854
867941736
389066538
857642291
583425006
736124538
491606741
373401735
727799563
410433268
835695078
149313780
73623541
800706191
802673285
511919426
760912210
359874692
411728374
931261633
543756985
79570462
226646190
1035004
901830341
535458428
337643781
119885563
187777925
372011667
185395418
359844383
52037628
194407615
941068207
169703022
851522505
731260930
468984234
331527321
313612165
828080752
126315477
306044237
747535059
522871744
26663891
488171730
864361113
890694202
790881431
194487994
171540421
34121908
470940802
540239329
429454938
786402305
129271190
9219711
54120966
831115163
287054230
284700731
206580326
264171161
659576132
723515666
625366727
189985341
848309993
27574199
164638414
270779887
88742292
770538912
271724863
220288984
251252872
178260305
9945108
247835729
56919885
554678860
794628053
712270424
665431921
452817607
414824038
278358297
193010178
883456741
678113989
547504483
393146896
307633966
572267270
433932167
454218245
570625247
685427989
779923395
790575818
906225254
735822052
364248507
834071101
449804787
266919901
864388229
323053823
185597328
697809222
535295910
173414073
348847610
55640182
423921926
838145469
839236646
136398910
121021770
83050818
547041946
643713122
363565761
861060622
287055994
233716310
212784574
464639897
381885667
462608794
820186474
876727272
220626764
653380998
19668836
809941590
757768526
398651462
533363124
505364026
105696055
131838131
742611844
201890888
531963569
869627950
367384243
130113317
533053298
20166888
174813429
886815855
778103432
317530647
849832106
297184251
843855344
276201282
345707169
885305183
261796411
785796088
881503296
22907056
144762209
150947390
359466469
162353968
92013945
781758910
889319921
122600739
281491694
816152738
427362642
632002440
244958944
561291670
495082358
124873917
334803247
577752197
89327722
623494860
150466526
814398770
516153170
266969297
49283162
855042128
695072143
782304768
752802873
541261663
917082459
251700107
141808548
6369232
594620190
22780874
98597719
218051585
321473926
532515590
354102092
846659252
918253145
452905984
158176370
589279069
98969111
643811878
94353715
213322614
436253144
901274547
726957393
934815469
163116249
288735747
188240715
39950094
467319543
161938554
852076657
388251396
391635767
231510055
560372633
78086537
349424401
157996675
73607111
593513319
591971209
489647175
530245313
647709420
822266737
752099451
684506436
238242118
535348879
893956731
878066061
78854400
55082765
703055874
485418057
788917192
78814233
511386629
296671796
434687600
770479995
378833878
703487180
218424373
421122739
402557176
908196030
920182401
884270570
460926225
641783752
652633583
242406612
533115294
234579655
695025068
100183109
4112453
790153329
661569705
223792103
257069370
510908307
894799990
49993953
221536227
484766036
136776979
785673865
846709366
795885837
887956259
464648913
766521995
882869338
18360119
323685785
585581955
560421562
508836502
33220245
137621582
46181067
51953306
530606065
10548871
672453779
428313388
716313955
834168984
760656071
183471362
181232462
272588419
902861420
872849568
796393254
642853430
753011052
857138296
437099903
569488852
851904029
560473461
311382638
788975517
885604249
828040468
486189381
895905420
398898726
506976202
19955484
126500053
301274816
381585303
702016727
593285743
666616441
109625663
373054092
195196751
483287348
89574777
752783442
210910731
113518280
460363471
729571447
476825528
578633493
428584231
187494400
32296906
38580393
535213588
600796003
420975473
922967333
106493956
18122378
128545843
176055617
338611267
347807458
506760630
482294096
530411183
66710818
930311088
717281675
195796753
471885372
293096161
432040063
813224658
411111577
583585811
350185690
478153689
381377184
728147519
812977185
219746058
874232569
350419379
582606162
118423687
685114183
160683158
679946016
520577405
294230536
17803133
572632670
547903384
12573059
123396018
801378254
219270947
673371919
872873852
480574212
489211834
708766296
672072723
256505651
293331260
595057777
275424712
416483128
329820723
617505746
738701282
95755443
59683955
556868611
883971355
220844528
526400812
520276655
576774959
696266126
45652456
840861392
382657685
833846984
65551918
544686984
694784957
346226062
942196245
570853712
727765230
930377321
666491825
781546772
920052126
671434632
96378918
523232150
189761260
343736840
671941930
377468809
824410478
781232662
531818459
604538535
438391144
642609252
115376732
588667226
40425234
910870269
580996475
639734190
640100363
619040420
331135793
365424263
35614570
90112448
8900208
14780566
37101541
223288914
657223931
450760716
706435568
274377439
657890679
726874384
730763464
516775621
30986040
927170909
512808630
902973850
445271828
927496892
121066700
816485833
191369501
531620189
88874842
107987068
692706509
407620465
27725286
507289053
285485614
331608126
930056937
854178610
388650345
771831766
868859236
814884752
764984688
219497397
297077371
871884004
143231276
365048145
311228509
900207424
92558592
529261030
210673681
543470152
523487863
516439762
358604191
941296976
904052648
323470099
111542426
12734380
220893310
940012601
642276092
608234930
411806438
291383473
546797253
915829984
864592717
340592256
207491053
85315371
829116816
372193951
887009577
881815868
504645076
874335144
316263303
172477474
868979182
92394808
331439708
406730840
795893581
89665647
758599055
637695252
326536144
247802308
268118310
377358870
892406130
313364773
710116282
146146616
794040905
186152603
600925219
472188909
181073358
719641421
444786548
439470500
798303885
388608310
357193060
27711945
580219119
428999227
223534587
75662469
261776631
788551443
502182870
266856106
650035310
502163182
60176092
179846849
368631612
937279518
730789726
373537171
502563787
335797718
81848784
588665043
358243770
41477104
149349274
384575871
71597315
594394264
125702709
651251081
155482479
394035976
811881172
824721582
501094960
885526780
621499231
727631632
183398969
380756168
559117529
671293924
41445938
623988093
812404521
914848316
462101473
891825101
90967738
690664041
589736104
764365000
680771056
567184862
814963711
188321924
456639458
144914861
655004956
769826903
89111856
879869294
705135248
160917432
430153836
847072928
222373014
526556798
680914697
643115988
321090437
156112997
665215396
354644208
691975673
700057387
649784376
862876817
924974694
384274652
563163230
55513041
742273416
464551278
127845777
724575203
865437542
828256714
128858345
444351325
620544642
410110379
554641905
811686230
596447695
870540721
419852121
67343324
107567675
758184569
906930460
475227701
670056845
439692340
417110898
889934163
505851578
873534308
155208117
720718803
791040469
830695786
854739376
564336319
797868036
718730796
939242363
214484503
547763156
702553900
654231179
201534649
779290662
415083288
583952905
426376876
689688050
333172278
1858850
697362324
38947004
718976193
473443084
374437599
250341788
79722358
591342458
131440498
477017323
616947197
657153531
627856631
190469126
91825912
498903676
541769799
36237552
865263757
337635269
693443544
4730671
681474287
677908669
796885225
16369498
567302175
231325292
653758964
151714795
595387842
784998664
563028788
319620998
304945198
743963690
706827626
574858104
391122326
187940599
415540632
701319898
53236062
791537675
115830432
84987209
202809297
526498125
691634250
5229088
726469252
846661046
653921714
820801305
22980526
378364269
597337070
539227891
535105688
839381132
497570713
310295044
303467159
894487868
471164383
280506925
77662745
1220035
262037094
660234146
489983902
525888301
486781621
831677187
627572005
54397944
124599007
711520515
461993050
428464072
555409274
31325716
326407929
341833421
470904125
425335232
480219322
770753555
467958716
383587501
815933871
742360615
511710131
235256334
858203651
461418700
492057043
720182617
331947157
8675785
393360786
227395581
857975872
587441025
420771054
753612940
474601000
940954449
596628814
869159038
805636171
376922272
907641977
551777201
42764969
496110562
205925024
202177042
696221549
587264539
892276976
603105249
808557594
716310758
701332088
614632664
125911486
338812202
844406941
694882615
295776253
250198703
598706743
804698219
420563812
558334364
219492322
759372212
890564209
430823525
440841108
645453694
49692714
940033197
828613181
861888111
184082578
659287574
263844500
599442295
685864604
810330153
889114994
869354360
302218109
434667640
223625
505736312
642599639
461386923
308371962
659547392
346241345
246478379
807956931
776753505
539189911
513352522
791827485
420086895
396583594
219633315
28695611
920122988
898870060
799927954
111882690
230789131
76036176
347794894
320321027
733594169
86500719
328040171
638406449
878717537
567811853
213284082
165711075
495282949
749362146
82155832
56872321
855740651
610962748
743750980
922302116
99826330
339154694
45152809
250897450
748967603
240907689
836529406
579201983
152654106
581368237
919840906
457124689
484702093
577611931
399802468
134052003
662026240
89021501
661638135
383815150
377350229
660746279
529103840
686855690
701575166
241929872
444827194
293310048
548244545
807188976
330032325
258215812
803274679
620028147
624318286
221710543
528983482
82734516
801861317
195933247
110746622
285087106
661177034
653528395
776259977
446721857
158161264
111432717
908928084
866949141
390977167
369002777
585026866
465405659
503948678
411107901
161040085
727445629
384254941
675946054
871172359
464291058
509099502
149587931
121961359
83158826
206823321
561530868
337308381
732793281
870834838
804638847
844188400
318471269
745437093
732983624
28751979
208023218
787448828
728437273
780178270
80587824
107493575
148899789
117397461
293203510
814327032
514090304
874622629
423443275
712600866
425083331
876886507
564292716
55252895
449215376
517514921
494353178
583834538
652556566
406572513
635750643
532365089
367904317
25978781
771903148
679638408
288102094
614900797
151377170
696400708
676671023
300486726
314755105
372317571
143223174
114116806
228642063
889062101
923552235
467116621
374996932
693217370
431059872
250394565
749246169
782609702
533594750
209138366
737728944
386964000
281103440
260847128
77648440
887113413
525033678
773167977
93727786
821661178
653442317
322646378
476978751
443320953
400016506
921305464
768909850
502030150
448808342
618452087
305309731
894929164
253229336
124315143
65782640
702838984
98416029
503092418
16492656
134134334
222988279
99217860
426798124
572853458
13382609
131021673
402565627
440072968
340661984
806766158
50216918
337236803
64204368
120799003
162644491
461902194
582296909
921227885
539487835
383056468
648816555
622943156
731282743
908264506
116289428
35016613
366978240
517701552
196265227
254558507
386405852
803504328
767038092
521679075
712040612
375963276
856748450
791511473
134400018
325703449
209097124
358094479
4624943
134550289
6806487
42935340
374360326
258205357
901183956
490893543
451013429
696175452
495739606
214902887
289327925
206965353
863964432
253883275
224996059
869747598
823299162
635459733
244451637
553343774
929289905
811757863
555556269
374269109
471170021
654117182
197505198
317871371
60510637
55688528
879890847
509157646
390746936
198815078
146852621
332524738
376511929
901561091
897779220
87057933
906806987
691681974
923656242
260871541
761004306
89043779
766785196
618914041
449252704
808819714
577870065
215940092
897776013
307568479
669929554
336561398
477380603
876460549
838714789
684828053
847017308
711177611
596635050
399793438
693391197
898871091
565417091
330826076
474063057
114110988
393880954
814378284
745288383
680794188
843426662
220704387
228874139
478010177
213922819
119923654
55163958
934742639
538248296
90369002
883593277
458550608
13179884
71624465
639979482
757836501
513392819
782269842
786383916
797150912
624105487
257009240
700454884
856929504
481107380
879965474
815689139
353809434
745569721
289198271
770207666
136024895
814681191
336141212
587838955
773571949
863172108
443989014
239484966
592517313
881716026
632619310
653665350
414730708
44149391
693632623
737677770
559900957
627319573
86480424
677012123
270205337
426670531
424482081
681303063
424836725
398374876
909806021
827857862
165127385
635132901
489035098
832706172
589325753
639939790
557291751
600976154
590447716
922658063
151110280
384360173
747421524
760851520
823125715
907334217
365762671
423904782
795872815
50956330
928026684
589376496
497702329
736413190
609827406
335310897
924642421
345837409
11693919
642504591
288134034
8875968
200544083
643865166
178805576
89568967
275315380
819420773
325979172
784376256
611843198
910250074
918290864
751497940
31607038
455494653
859460274
524474668
123146879
434416109
933389089
926384118
474252570
445725174
593257389
895651857
165759614
812660203
107976282
541655905
60424791
140169579
3383565
748692528
7430256
234194982
864679144
763227740
55294609
39401775
363356554
719310001
754300475
47191448
158679461
792416100
164547165
513370740
739502604
427695385
538343975
505488710
11751697
475813449
260794336
895437832
211724506
873442319
898788441
285420647
428097356
258070669
831069799
352606933
921356858
813912148
73547284
632277849
80870024
677763036
55512323
866562951
788537196
730346347
12229395
816067925
91532174
890308408
865160611
190114984
434123501
246469280
288059961
342835118
847154497
712784733
617662850
621697787
177438243
625657117
794500644
777183702
219991066
576440449
379999548
450027106
659878136
38023141
268369057
831904607
927652972
776940436
130230517
870805465
115424693
10529270
703066730
244471259
739399505
146284047
674313637
399782591
845411764
133279064
606365841
529270190
302760173
394748669
603486949
765417524
293060407
270050590
395031485
229213925
755948450
788679779
252539317
651564161
243697944
473559642
606333910
551268260
615957262
170366985
64732812
667245219
890605498
802807828
814297963
366967441
248059821
921463395
657457221
22986775
260693670
691340815
594120161
159601902
377535255
563006062
479832612
498812881
929373434
768626892
192397778
339107331
65882568
137771723
283153290
825250927
330478507
249771394
483338925
520811756
84529665
905539409
655685417
60011798
572938139
936791003
918440992
865756059
935989100
29698644
609747147
184701015
312837626
311467742
91455740
418159088
649432
378558393
85308283
54760767
916312218
860575496
738322431
608528812
19023636
447127037
486344217
272578795
34284863
129449163
184753475
314350413
920961087
872013524
840750576
371992536
504709085
825139368
634638633
680428917
671076021
111598288
755399401
200760139
470336617
937153963
61398636
554922137
415979051
190835882
900976566
473007338
793146789
131814651
93167615
758213514
248604422
924453041
131606527
9743300
884990346
754055186
406773426
35834096
86055337
473627609
356588531
97609942
383473822
220872924
644976845
605795625
167655740
884103217
313456277
358560523
582363895
320385340
248422733
716391239
732159954
408284216
666360232
35771848
734420342
277066538
373875061
692127680
157661810
83636043
611105924
91178895
403380214
265239489
296864398
89261146
354145715
351943428
507213534
530183158
756282757
338982688
452293915
674775666
760510878
876484534
936360682
780505646
228135988
858792599
409464460
417052044
700463151
379754317
371877560
398159626
475014109
66588661
621800382
669899619
655805872
86397211
769952194
667898570
117983324
406018115
756580742
841829106
151939176
300591943
144346051
540477105
700543390
1824531
177337189
558576036
71828605
63564799
790041397
618089553
636696031
621931132
502238517
916720551
806592635
180362512
145759262
383693482
226658955
769946604
919381124
866090997
234940066
155521961
122072030
922776462
9993152
442735894
887105766
238946938
894464950
939603304
543408421
24624010
487233287
500817491
798755438
793873814
398942380
117627008
371960530
637561164
585609431
295175977
139353960
743227924
892212670
458081833
137641658
182695621
58728924
477400359
470092686
626596514
220506300
785920024
882918608
397437323
538490839
643261470
5324235
406470420
894992102
504047267
810590836
440074663
800208701
266642094
571817029
467522785
400745085
523777208
905816839
184465928
294170182
882330149
715542352
359117748
186285929
676050482
38643431
87795628
929254056
389466219
482687110
428281638
939757117
577869154
301650586
29652174
595819888
786804081
103284327
398671986
213062055
598552660
364050462
821523061
545944744
899088390
819997387
474529698
107762014
871340001
225355222
466954093
152131153
379157980
269795557
105085074
738747507
580687653
764457825
244326380
461430428
892359348
529610582
693821034
484070844
35611678
171705128
133788057
56434506
161193304
244407982
603779511
591520519
600930412
710072778
493015550
388953603
382619293
437970818
743209499
141595933
275572952
780042548
630600545
238391510
689989135
788200194
117865356
821491185
282078521
301255185
184937115
34221595
422445119
2073935
396274002
81104655
302079328
672547405
436527175
163360763
216147258
154076420
530200453
401835723
382926619
153083540
291650544
261236191
393573266
937601569
144299449
437448568
97756963
31295887
191611292
363386473
927476012
269641588
489009657
170861605
674286642
87653347
906198021
732116142
304194777
549907387
385679411
898246609
130916917
722742072
333676350
326783405
863019301
932429963
792881228
544782119
535308989
101253429
755247276
357302262
813820918
74397486
714535907
786335301
608215599
113141442
50914472
935350222
308171936
635093468
658586563
148555758
624478186
201087118
897606529
698992693
281787055
764351433
820601410
773292610
634315253
371822433
852635202
177354407
152818981
376987551
575745469
397271504
884697936
195004777
209705617
939138289
898453274
262272886
471088832
701737232
588182446
584362495
805925603
381052156
62061557
132991560
848920643
403033952
622634514
542836786
514225674
518061841
495646861
116354049
718976821
542277224
794740335
715274368
194098920
501136534
1238467
142965518
673441537
416150425
632567134
302476551
252192180
357801692
403266995
417460875
924092070
46693403
348578356
702325407
555577647
284507518
268904182
939661133
101601311
190773986
324627782
190236506
603740416
67249624
901374332
172464540
705291424
382080760
659738866
913499197
840131080
155813439
791948528
304367390
124820824
448141280
649091595
53228579
145768849
625786658
859991798
675205545
580990045
564611787
552493701
245532171
701942828
846174027
366499784
755082942
280202329
12216301
23097721
515694464
279098021
908266898
688342630
716092079
140851976
886577434
252775311
730436195
113961190
800302558
783876442
60850447
306312992
778889427
291897271
698905759
252446796
601897074
829609491
906487646
937027507
738664323
919190422
542902353
189233772
931667360
869962280
325571853
89192844
38050710
300647768
478632431
910002239
297852553
723755662
136447400
398382357
646069924
652600890
906241059
42154539
279044115
295803453
345002562
441010063
595300395
695956263
518780606
885137234
627079973
272331346
939714562
855426154
676506324
656766202
792452085
813477176
85216913
409465203
76733918
411475041
401689241
213198268
815686645
614853802
875393311
602322925
556189410
429953356
400957864
152664540
244187759
493169305
604486864
208627572
11723195
264050230
478384889
734643172
159806267
876718380
52476968
840849891
850861490
34324034
767426862
459523958
903585821
350064509
360873177
543788596
776729195
261112138
591947254
514003011
805034378
752776644
27626189
410175768
726804281
766238606
804778852
428874302
591452470
739505465
251353394
595987896
197789110
418902929
438185672
50709646
62635417
329446495
766126519
534957018
600154126
239622864
138977967
333290705
673769621
564981845
68422636
903678495
559700260
798679962
610190393
312637685
569687670
292953711
625280055
431007864
87289392
257145124
811357786
276649024
251619902
774710903
359333093
49483805
447874414
698414990
671237647
895822632
120899848
571635710
878311918
486302545
16209298
58292083
348136384
54217200
561219893
536693713
367333924
644161252
231969434
712064173
754912163
570085736
797097197
266666422
674311177
621764030
686813103
518991122
713397240
368870009
464650063
852886203
938005047
782769128
356033725
482557939
129852515
68299691
77542576
474883253
414121328
6267170
940090982
235296579
579978030
182824284
902214707
481111240
186076134
151503875
698309186
527806588
239378452
726345304
204188025
84423631
903833183
845505223
679923577
529291069
250432614
469501098
610888999
146585518
818735825
281643025
209392852
580779697
376208456
374821144
339881627
100317031
513344023
95263519
295886806
908213558
536801610
2137408
511544849
126858412
686958991
741491338
205784928
6982551
181056412
703568510
553317878
408290000
415525118
657794539
633175385
320921497
205266078
312602819
611648580
251299974
40927976
831766399
146553861
89375879
522149717
317281315
179329044
311218158
710235187
407572221
1237687
219447472
93493123
241070650
806185623
725267325
407333248
757544829
675734500
193219021
836732425
761039389
853492787
774739805
80800155
447640610
535222023
254094435
677187945
654304067
358964910
176107759
483645408
234861302
547184764
851895758
366743997
915085128
580206078
205544629
917232020
282229148
869593997
299742974
711553718
589242384
938558585
48826246
487880533
42714630
119415898
783273224
561038521
665871005
832851
773117764
897352309
266612345
888731028
835156264
460236719
276083101
187883891
511493409
393447500
730258558
147561908
813987523
578123313
422798665
35227253
671712307
568610450
45489703
600795698
276263923
441071465
848957802
414081584
52295369
374997106
655948944
592462866
199635563
506526234
53394391
421112718
106910522
900246574
236041300
936918892
558657846
684612156
795542566
54160050
712766417
660568742
742003295
771606434
486062012
398216982
717231978
268166282
499387149
20518436
690767235
774000539
326626227
603236597
517189259
18011042
903842741
855078948
874388327
30632832
799630072
6980122
443651163
940869222
207453202
446241211
558043545
420642151
215850568
143130688
834431852
808539759
277344336
553841883
403035178
229462537
20157821
573732655
231857635
540989540
332363823
192198921
711774494
694036782
34038675
758341115
188241774
391450773
663840718
804893582
568685420
116450313
576333555
94403192
367203486
510105610
498727264
721319865
434354504
91318595
131451812
764373104
389725070
49819870
521762724
940652146
199592321
423144397
765467083
517147493
679861865
527917158
240806510
637995001
842959387
715807598
837849622
573985121
298103263
793762183
224565942
366853767
80431397
323354490
908249104
432988210
339846981
417157560
108297065
830652113
470768036
806953229
719905999
44512090
872757762
253510409
23928887
794246304
832803191
327104954
785991801
214644411
892606315
266181674
431935508
170818754
770508026
540252941
92182648
582138575
266881555
841131985
600221351
588872103
656960875
150631875
330029421
186822218
937755460
272272912
905042922
597877106
678738400
6167721
546384412
923711935
218284998
243509208
918016855
727981564
218581911
305703326
676464607
287574305
653726027
689823732
597450844
796495456
480307715
277791393
736017174
229960273
531027687
194494449
179397851
446315973
144353518
504914139
415573293
820485421
235081739
125497498
193087143
420459193
801062314
217741991
840601803
479498876
910515579
55548069
538785400
664533759
818628464
199052204
528033062
636956264
909108276
271159038
569950512
465299960
628554438
383303276
385998007
929228466
595035512
112452840
875162290
602620118
577753137
479493620
554964010
730013488
531507354
873539056
29089335
264007132
747326219
603117734
339436733
857591245
81493357
369116645
412817881
714540230
547506671
365182582
848980995
121391939
365567770
102720409
181346670
60940510
214626902
804491596
465453301
77546954
130887141
653125448
130611924
78211886
900560277
818242350
226961893
443525476
335735364
856193632
544177566
139817039
306328721
669057222
597452091
929172621
461582694
563802395
28371216
864465617
852355651
641277128
269186886
155727162
14749340
522769465
149433816
221140069
363074304
441732847
861017777
438379770
372317952
554341072
234455125
555899986
461838767
649039724
611679590
181000350
41951635
511087632
42676129
798265294
258829511
412758412
627327907
518515768
412647422
94797218
433093529
726652100
156625145
529947451
276315509
176367302
594621329
301904028
379542463
232585503
10967069
227202270
748634190
54383026
506812141
421350571
541750575
86399076
739463351
462090828
889349383
764393992
569006040
673114220
933121959
362029829
723511632
593867722
414779116
295727807
523950562
515816031
333593823
115005186
268905306
583681299
881086632
632719806
112715488
587980934
879129137
74982305
759290918
629391950
147211975
860672700
925477180
257503377
307993971
345395326
461952699
549175904
583335857
132045839
32008538
788816336
376851820
837278851
311752277
696097879
621423721
625452145
912818317
113116714
69148271
709810154
577819392
23115638
719508050
246797257
924976057
726259133
285597263
712112019
57207714
91486450
740949267
180358151
575715140
503976109
638467555
692989703
835473141
2238025
834687673
501297754
132795320
609711545
64842121
859364909
747744818
828706323
155158650
328981642
282882327
468661065
927321979
71623846
421534898
524762167
890502609
839295423
572873439
776804957
740914495
383915755
654854590
589764951
79580107
837599457
752991967
5476022
525520344
539887125
387801719
607181640
781248478
472579124
78245443
616823452
395706895
142722697
504318736
332630111
30534233
358216093
331912188
66082683
414289104
151732472
160533558
499932245
487307788
229052523
242348615
315209769
384610425
828497149
634753418
375620030
149157032
796853018
686315724
884015266
398356895
636346574
353217834
931998255
421173084
677452970
858395076
164582296
303244243
282377374
505170285
606980678
895217681
816334052
667595394
